  status: 0
 success: True
   direc: array([[  0.00000000e+00,   0.00000000e+00,   0.00000000e+00,
          0.00000000e+00,   0.00000000e+00,   1.00000000e+00],
       [ -3.51063267e-05,  -3.59428555e-06,   1.39056544e-05,
         -2.78836284e-01,  -4.01207959e-01,  -1.46144393e-01],
       [  0.00000000e+00,   0.00000000e+00,   1.00000000e+00,
          0.00000000e+00,   0.00000000e+00,   0.00000000e+00],
       [  0.00000000e+00,   0.00000000e+00,   0.00000000e+00,
          1.00000000e+00,   0.00000000e+00,   0.00000000e+00],
       [  0.00000000e+00,   0.00000000e+00,   0.00000000e+00,
          0.00000000e+00,   1.00000000e+00,   0.00000000e+00],
       [  4.79512366e-07,  -1.08593335e-06,   3.50481968e-07,
          5.93020474e-02,   6.09641130e-03,  -3.18933688e-02]])
    nfev: 410
     fun: 9.3395867683582608695
       x: array([ 0.0015208469,  0.0015429864,  0.0017002154,  26.323509, -30.820171,
        65.518315], dtype=float96)
 message: 'Optimization terminated successfully.'
     nit: 5

